1.000000 1.000000 1.000000 3.000000 1.000000 5.000000 1.000000 7.000000 3.000000 1.000000 3.000000 3.000000 3.000000 5.000000 3.000000 7.000000 5.000000 1.000000 5.000000 3.000000 5.000000 5.000000 5.000000 7.000000 7.000000 1.000000 7.000000 3.000000 7.000000 5.000000 7.000000 7.000000
1.027490 0.988800 0.996130 2.979470 1.016130 4.980250 0.986438 7.013830 2.984470 1.017760 2.987060 3.014380 2.980900 5.028600 2.979470 6.999040 4.988190 0.979781 5.030710 3.013620 5.021190 5.029720 5.019880 7.015590 6.982300 0.972693 7.011540 2.969000 6.980570 4.977570 7.007580 7.019940
1.055610 0.977824 0.992437 2.959600 1.033030 4.960790 0.973320 7.028450 2.968350 1.034910 2.973410 3.027590 2.960910 5.056900 2.958740 6.997040 4.977420 0.958827 5.061450 3.026800 5.043430 5.058700 5.040040 7.031130 6.964430 0.945381 7.022390 2.939270 6.960250 4.955650 7.014870 7.041210
1.084790 0.967224 0.989177 2.941150 1.051520 4.942090 0.961167 7.044450 2.950910 1.050900 2.958570 3.038520 2.939250 5.084520 2.937850 6.993080 4.968770 0.936548 5.092040 3.039140 5.067580 5.086040 5.060520 7.046620 6.946480 0.917898 7.031790 2.912140 6.938220 4.934840 7.021490 7.064960
1.115260 0.957154 0.986654 2.924830 1.072160 4.924780 0.950512 7.062040 2.931370 1.065190 2.942440 3.046280 2.915460 5.110990 2.917120 6.986450 4.963220 0.912625 5.122020 3.050250 5.094190 5.110680 5.081070 7.062130 6.928780 0.889864 7.039070 2.888920 6.913840 4.915940 7.026990 7.092020
1.146920 0.947780 0.985212 2.911300 1.095210 4.909620 0.941873 7.080950 2.909050 1.077290 2.925330 3.050380 2.889470 5.135820 2.897130 6.976810 4.961530 0.887101 5.150680 3.059770 5.123420 5.131510 5.101140 7.077860 6.911910 0.860710 7.043660 2.870690 6.886770 4.899780 7.030890 7.122810
1.179470 0.939276 0.985161 2.900980 1.120470 4.897330 0.935659 7.100440 2.883450 1.086880 2.907940 3.050830 2.861690 5.158480 2.878560 6.964310 4.963970 0.860465 5.177180 3.067490 5.155010 5.147520 5.119960 7.094050 6.896640 0.829705 7.045270 2.858090 6.857030 4.887090 7.032720 7.157270
1.212580 0.931844 0.986666 2.893880 1.147360 4.888410 0.932045 7.119420 2.854500 1.093860 2.891170 3.048250 2.832930 5.178520 2.862080 6.949660 4.970220 0.833518 5.200730 3.073400 5.188430 5.158100 5.136740 7.110960 6.883620 0.796017 7.043990 2.851020 6.824990 4.878260 7.032170 7.195080
1.246010 0.925727 0.989630 2.889610 1.174970 4.882990 0.930861 7.136720 2.822560 1.098350 2.875900 3.043730 2.804180 5.195650 2.848120 6.933990 4.979240 0.807166 5.220840 3.077740 5.223040 5.163240 5.150920 7.128720 6.873300 0.758795 7.040350 2.848580 6.791180 4.873260 7.029110 7.235940
1.279700 0.921196 0.993655 2.887400 1.202260 4.880720 0.931598 7.151430 2.788330 1.100650 2.862750 3.038510 2.776440 5.209730 2.836790 6.918590 4.989610 0.782221 5.237420 3.080910 5.258350 5.163620 5.162340 7.147170 6.865910 0.717275 7.035190 2.849290 6.756130 4.871640 7.023750 7.279890
1.313710 0.918460 0.998144 2.886420 1.228280 4.880890 0.933539 7.163170 2.752650 1.101110 2.851930 3.033600 2.750500 5.220790 2.827840 6.904580 4.999900 0.759262 5.250720 3.083300 5.294020 5.160390 5.171200 7.165770 6.861420 0.670981 7.029490 2.851580 6.720340 4.872680 7.016530 7.327240
1.348250 0.917523 1.002550 2.886000 1.252520 4.882660 0.936007 7.172150 2.716110 1.100120 2.843240 3.029490 2.726670 5.229150 2.820780 6.892510 5.009220 0.738401 5.261330 3.085210 5.330080 5.154820 5.178030 7.183980 6.859450 0.620521 7.023970 2.854300 6.683950 4.875640 7.008060 7.377740
1.385230 0.918183 1.006810 2.885760 1.276230 4.885520 0.938702 7.179330 2.677110 1.097890 2.835820 3.026060 2.703570 5.235630 2.814790 6.881810 5.017740 0.718345 5.270380 3.086940 5.368540 5.147530 5.183690 7.202400 6.858550 0.571566 7.018710 2.856990 6.645080 4.880130 6.999280 7.426130
1.429800 0.920368 1.011550 2.885540 1.303750 4.889760 0.941876 7.186140 2.630320 1.094310 2.828220 3.022700 2.676920 5.241410 2.808590 6.870640 5.026890 0.695385 5.279680 3.088840 5.414770 5.137910 5.189360 7.224180 6.854310 0.548571 7.012930 2.859880 6.598310 4.886460 6.992940 7.448120
1.472730 0.922574 1.017150 2.885260 1.338670 4.896180 0.945691 7.193000 2.584870 1.090860 2.819730 3.019190 2.643210 5.246500 2.801610 6.858130 5.037640 0.666692 5.290120 3.091080 5.458480 5.128200 5.195400 7.251990 6.845410 0.555250 7.006140 2.862980 6.553920 4.892190 6.989460 7.440140
1.479590 0.918511 1.025210 2.884760 1.393390 4.907760 0.951144 7.201500 2.574550 1.093550 2.808110 3.014640 2.590540 5.251050 2.791850 6.840960 5.053360 0.621807 5.304540 3.094260 5.464040 5.125950 5.203040 7.296130 6.833980 0.555390 6.996350 2.867030 6.547410 4.888700 6.983120 7.438220
1.467650 0.911939 1.033270 2.884150 1.447060 4.920540 0.956565 7.209090 2.583230 1.098830 2.797040 3.010480 2.539350 5.254000 2.782240 6.824610 5.069800 0.570643 5.318470 3.097240 5.453810 5.126750 5.209440 7.347050 6.822990 0.551447 6.986380 2.870840 6.556840 4.882150 6.976080 7.440460
1.469540 0.906063 1.044160 2.883200 1.470870 4.924750 0.963850 7.218540 2.577140 1.102830 2.782740 3.005250 2.519430 5.270670 2.769410 6.803380 5.091510 0.507966 5.336830 3.100920 5.457390 5.123720 5.218350 7.410030 6.807170 0.550192 6.972580 2.875830 6.552400 4.877440 6.966850 7.439460
1.469990 0.895650 1.062940 2.881680 1.462950 4.917930 0.976253 7.233620 2.569840 1.109940 2.759020 2.996670 2.534510 5.314830 2.747900 6.765870 5.116660 0.509775 5.368090 3.106690 5.458930 5.119310 5.245810 7.409550 6.779160 0.547646 6.948070 2.884220 6.549570 4.868750 6.950530 7.438080
1.465330 0.883926 1.083080 2.880460 1.479130 4.920590 0.989142 7.248180 2.567710 1.118040 2.734870 2.988000 2.526380 5.357390 2.726050 6.720850 5.141440 0.531138 5.401560 3.111740 5.456050 5.115920 5.276590 7.390200 6.749000 0.544005 6.920330 2.893030 6.551250 4.859180 6.932310 7.437570
1.464770 0.873428 1.103290 2.879590 1.496700 4.924950 1.001370 7.261110 2.562120 1.124790 2.711880 2.979930 2.517720 5.405520 2.705120 6.668980 5.170530 0.517779 5.435760 3.115400 5.457050 5.112160 5.302580 7.406010 6.718320 0.541023 6.890380 2.901760 6.549210 4.851310 6.913420 7.436480
1.464430 0.863603 1.123280 2.878990 1.509150 4.928670 1.012500 7.272320 2.556980 1.130840 2.690120 2.972630 2.514600 5.457560 2.685750 6.614240 5.198690 0.517581 5.471190 3.117550 5.457590 5.109030 5.329490 7.409210 6.686750 0.537688 6.857950 2.910470 6.547810 4.844160 6.893940 7.435670
1.463220 0.852566 1.146640 2.878510 1.524580 4.935040 1.024240 7.283980 2.552390 1.137460 2.665470 2.964830 2.505690 5.486740 2.669360 6.580170 5.232640 0.522827 5.515390 3.118460 5.457390 5.106080 5.361690 7.408010 6.647800 0.533482 6.816350 2.920910 6.547140 4.836310 6.870240 7.434830
1.462540 0.841271 1.172440 2.878180 1.529430 4.936330 1.035910 7.295610 2.547320 1.143840 2.638820 2.957060 2.501260 5.479450 2.659690 6.587900 5.273180 0.523867 5.566180 3.118010 5.457680 5.103210 5.397270 7.412000 6.601870 0.528446 6.767720 2.932610 6.546010 4.828430 6.842900 7.434020
1.462170 0.830194 1.199940 2.878090 1.525520 4.933010 1.047030 7.306780 2.542300 1.149640 2.610870 2.949780 2.505850 5.479220 2.650640 6.593140 5.318690 0.526259 5.609020 3.118040 5.458030 5.100710 5.436680 7.415750 6.549910 0.522234 6.726590 2.943150 6.544870 4.820780 6.812120 7.433450
1.461820 0.817659 1.233800 2.878240 1.526250 4.932170 1.059210 7.319250 2.536810 1.155760 2.576810 2.941910 2.506360 5.480120 2.640600 6.594910 5.365610 0.529932 5.619490 3.123400 5.458380 5.098190 5.487460 7.420840 6.493940 0.513792 6.717740 2.949170 6.543680 4.812320 6.772260 7.432560
1.461610 0.802673 1.277750 2.878650 1.528150 4.931760 1.073240 7.334050 2.530260 1.162530 2.532850 2.932930 2.505870 5.480780 2.629470 6.596760 5.373430 0.533942 5.614650 3.131880 5.458810 5.095420 5.553200 7.430770 6.472040 0.504670 6.724260 2.953380 6.542310 4.802840 6.722300 7.427170
1.461610 0.783127 1.332770 2.879100 1.529430 4.930650 1.090650 7.353300 2.521690 1.170550 2.478090 2.922230 2.506240 5.481980 2.616260 6.599300 5.354340 0.536171 5.616650 3.140700 5.459370 5.092100 5.605140 7.450700 6.468830 0.498401 6.724160 2.959690 6.540680 4.791590 6.694310 7.410630
1.462040 0.748448 1.361490 2.877380 1.531630 4.928840 1.119440 7.387540 2.506530 1.183070 2.450240 2.907460 2.506670 5.483800 2.595280 6.603790 5.336610 0.549006 5.619580 3.154820 5.460280 5.086720 5.614160 7.481240 6.445820 0.473551 6.724150 2.969800 6.538030 4.773590 6.728270 7.391160
1.463330 0.706933 1.338410 2.873990 1.534060 4.927280 1.150380 7.428970 2.488700 1.194620 2.474470 2.894000 2.506870 5.486260 2.573940 6.608290 5.316060 0.573129 5.620660 3.169610 5.461260 5.081060 5.643500 7.506590 6.418350 0.435382 6.726020 2.980040 6.535200 4.755000 6.749000 7.379060
1.466250 0.657559 1.344310 2.871540 1.536470 4.926130 1.183330 7.479370 2.467490 1.203650 2.469720 2.879660 2.506950 5.489400 2.552810 6.613000 5.295690 0.588694 5.622690 3.184440 5.462300 5.075190 5.670080 7.537900 6.393300 0.408366 6.727000 2.990800 6.532170 4.735960 6.769660 7.358560
1.476290 0.605873 1.350240 2.868780 1.539580 4.925080 1.223000 7.534190 2.436710 1.211810 2.465250 2.860750 2.506900 5.494160 2.526120 6.619560 5.278420 0.600700 5.625530 3.203960 5.463710 5.067340 5.676760 7.547120 6.389430 0.400673 6.728160 3.005260 6.527970 4.710580 6.786170 7.344400
1.500060 0.612235 1.346670 2.864480 1.544590 4.924040 1.263450 7.522510 2.403480 1.233030 2.471020 2.829840 2.506410 5.503220 2.483670 6.630610 5.282400 0.598810 5.629820 3.236450 5.466230 5.054320 5.675200 7.542580 6.392740 0.403369 6.730620 3.029450 6.520520 4.668010 6.783340 7.347280
1.489830 0.611835 1.349710 2.859920 1.549510 4.924110 1.301330 7.489490 2.410040 1.279290 2.469780 2.798020 2.505020 5.514380 2.440180 6.642710 5.293050 0.591385 5.634760 3.269960 5.469240 5.041030 5.673480 7.540400 6.393630 0.405177 6.732980 3.054860 6.511840 4.623290 6.775840 7.354360
1.495580 0.603722 1.352630 2.855220 1.554250 4.925370 1.348110 7.473430 2.397780 1.313840 2.468560 2.762440 2.502410 5.528320 2.393020 6.657270 5.292000 0.592155 5.640490 3.305720 5.472810 5.027220 5.672420 7.538350 6.396330 0.406431 6.735540 3.082450 6.501370 4.574470 6.776930 7.353790
1.512340 0.598082 1.353850 2.850810 1.558470 4.927490 1.396060 7.460720 2.375440 1.339600 2.468550 2.725680 2.498620 5.544190 2.346840 6.672960 5.290820 0.593140 5.646770 3.341920 5.476810 5.013780 5.674410 7.540460 6.394880 0.404639 6.738280 3.110780 6.489360 4.523890 6.778710 7.352080
1.525510 0.589136 1.356420 2.846220 1.562510 4.930280 1.438460 7.450060 2.358520 1.369600 2.466510 2.686970 2.493530 5.561510 2.307070 6.685710 5.290430 0.593584 5.654400 3.381470 5.481700 4.999610 5.674890 7.540660 6.394890 0.404287 6.741280 3.141970 6.474670 4.467700 6.779420 7.351460
1.538980 0.583640 1.359400 2.841240 1.566330 4.933410 1.461520 7.450590 2.343040 1.402720 2.463420 2.644550 2.488200 5.576510 2.286290 6.686780 5.290720 0.593437 5.664020 3.428020 5.488090 4.983120 5.674870 7.540420 6.395230 0.404321 6.744880 3.178180 6.455780 4.401790 6.779450 7.351490
1.553880 0.586233 1.362900 2.835580 1.568980 4.936100 1.467560 7.458830 2.327130 1.434810 2.459620 2.601660 2.485370 5.582580 2.280520 6.683640 5.291040 0.593232 5.672560 3.479340 5.496410 4.962550 5.674960 7.540340 6.395390 0.404276 6.749800 3.215810 6.434650 4.333700 6.779430 7.351540
1.576220 0.595910 1.369300 2.824820 1.570270 4.938700 1.472120 7.470350 2.300710 1.464510 2.455670 2.556310 2.485640 5.584000 2.274170 6.684790 5.291290 0.593087 5.656840 3.527940 5.509080 4.922300 5.675130 7.540220 6.395660 0.404211 6.759130 3.244950 6.429400 4.296640 6.779590 7.351490
1.593670 0.595025 1.376860 2.805520 1.570540 4.942020 1.478060 7.486110 2.265730 1.462380 2.463240 2.555260 2.488000 5.586920 2.265010 6.686110 5.291610 0.592915 5.629890 3.566030 5.506180 4.858430 5.675490 7.540100 6.395990 0.404048 6.749460 3.244330 6.470550 4.323680 6.779950 7.351350
1.584750 0.584051 1.380200 2.785870 1.571490 4.945890 1.479080 7.480130 2.256650 1.478100 2.477820 2.571090 2.489450 5.589430 2.258970 6.684720 5.291880 0.592792 5.648800 3.625020 5.489010 4.792540 5.675830 7.539990 6.396270 0.403930 6.714900 3.241560 6.504800 4.333830 6.780320 7.351240
1.579140 0.591823 1.388840 2.756590 1.572380 4.950970 1.468920 7.467580 2.239650 1.499080 2.493240 2.587680 2.492510 5.587770 2.260570 6.677760 5.292210 0.592633 5.654010 3.667990 5.476850 4.731680 5.676250 7.539900 6.396640 0.403850 6.684130 3.235850 6.544100 4.357860 6.780780 7.351210
1.576360 0.591764 1.407830 2.697620 1.570970 4.958360 1.456780 7.470050 2.197080 1.536620 2.519490 2.609730 2.502440 5.579060 2.259020 6.675950 5.292810 0.592409 5.656030 3.638690 5.472700 4.746840 5.677010 7.539740 6.397260 0.403804 6.671860 3.239250 6.561000 4.369110 6.781560 7.351220
1.581390 0.593670 1.428950 2.635460 1.569830 4.964840 1.458050 7.473420 2.146790 1.574480 2.542490 2.621130 2.508660 5.580300 2.249850 6.675780 5.293290 0.592263 5.646720 3.649220 5.493390 4.754040 5.677620 7.539610 6.397750 0.403793 6.699340 3.242900 6.523910 4.348080 6.782180 7.351240
1.590390 0.600362 1.453840 2.563800 1.571780 4.972950 1.462090 7.479040 2.088070 1.616460 2.565940 2.629220 2.509680 5.585680 2.241220 6.671500 5.293690 0.592131 5.647600 3.645830 5.488210 4.764800 5.678100 7.539530 6.398160 0.403772 6.703660 3.242860 6.525100 4.341000 6.782690 7.351290
1.606490 0.611585 1.449390 2.509500 1.573460 4.988740 1.468590 7.498020 2.039930 1.618690 2.599240 2.634640 2.516360 5.588050 2.224290 6.669700 5.294410 0.591907 5.656730 3.648210 5.483700 4.754850 5.679000 7.539360 6.398920 0.403763 6.689060 3.233430 6.537010 4.358460 6.783620 7.351330
1.607990 0.592986 1.419240 2.538510 1.572230 5.014380 1.474730 7.511100 2.086980 1.604320 2.578090 2.599740 2.532350 5.593980 2.197530 6.663730 5.295630 0.591548 5.660210 3.656680 5.485560 4.745330 5.680520 7.539130 6.400180 0.403731 6.683260 3.235880 6.540560 4.357770 6.785170 7.351400
1.606880 0.615738 1.450530 2.534430 1.573740 5.046290 1.458800 7.480550 2.099170 1.595610 2.540370 2.609870 2.548500 5.596250 2.182260 6.639840 5.296860 0.591208 5.645530 3.644260 5.490790 4.767280 5.682090 7.538910 6.401500 0.403684 6.702650 3.243210 6.533740 4.341630 6.786820 7.351480
1.586300 0.584915 1.446230 2.500280 1.574670 5.084890 1.435660 7.487720 2.095270 1.605580 2.570150 2.658160 2.576790 5.575760 2.166020 6.621060 5.298190 0.590853 5.648150 3.647430 5.500650 4.767900 5.683730 7.538640 6.402860 0.403646 6.706650 3.239880 6.520360 4.341930 6.788540 7.351560
1.577050 0.591921 1.433810 2.489360 1.573210 5.140260 1.421440 7.464620 2.124330 1.614280 2.565660 2.658080 2.614020 5.562560 2.130540 6.597070 5.299830 0.590375 5.657700 3.652440 5.488370 4.759200 5.685760 7.538310 6.404560 0.403592 6.690030 3.236260 6.543230 4.350210 6.790670 7.351680
1.587640 0.616403 1.439760 2.489060 1.580790 5.203840 1.419370 7.464520 2.139120 1.588150 2.532750 2.637610 2.631240 5.573790 2.100430 6.544590 5.301170 0.589971 5.656430 3.657020 5.492230 4.753790 5.687480 7.538040 6.405990 0.403565 6.688900 3.235270 6.544460 4.352820 6.792450 7.351770
1.588660 0.597698 1.430230 2.463160 1.586950 5.274590 1.439240 7.481390 2.134290 1.584950 2.538910 2.630070 2.660900 5.570800 2.045280 6.515150 5.302200 0.589663 5.653320 3.650480 5.499270 4.763450 5.688810 7.537840 6.407070 0.403551 6.695290 3.238840 6.536000 4.346740 6.793810 7.351850
1.590940 0.593374 1.425530 2.443470 1.594350 5.351910 1.460990 7.475020 2.127390 1.578400 2.543530 2.626890 2.683030 5.577840 1.994610 6.470780 5.302870 0.589459 5.651770 3.650820 5.499240 4.765750 5.689650 7.537700 6.407760 0.403540 6.697750 3.238520 6.536140 4.344830 6.794680 7.351900
1.590640 0.589122 1.427170 2.437920 1.591170 5.425200 1.485460 7.456160 2.135920 1.568580 2.529240 2.615160 2.707610 5.593010 1.949330 6.432470 5.303530 0.589251 5.654800 3.654670 5.497730 4.761650 5.690470 7.537560 6.408450 0.403519 6.693820 3.236400 6.539360 4.347620 6.795530 7.351950
1.586820 0.565605 1.417440 2.416620 1.556360 5.413490 1.517570 7.470110 2.147360 1.543920 2.520660 2.604160 2.710800 5.632230 1.951550 6.471300 5.304920 0.588818 5.657250 3.654940 5.496650 4.760520 5.692210 7.537260 6.409900 0.403463 6.689010 3.235310 6.544400 4.350480 6.797320 7.352000
1.585300 0.607542 1.414630 2.368880 1.578900 5.406250 1.515520 7.489610 2.146070 1.538350 2.518780 2.591740 2.667260 5.643000 1.972900 6.471850 5.306530 0.588321 5.652530 3.654850 5.502060 4.764550 5.694220 7.536910 6.411600 0.403380 6.694870 3.236740 6.539650 4.346200 6.799390 7.352060
1.551650 0.619330 1.402230 2.339510 1.593550 5.424330 1.502350 7.508870 2.190950 1.544190 2.513770 2.597440 2.691970 5.597480 1.943520 6.485830 5.308180 0.587821 5.651950 3.653190 5.504400 4.769540 5.696260 7.536550 6.413310 0.403289 6.696610 3.237780 6.538000 4.342940 6.801500 7.352120
1.514930 0.655337 1.415290 2.307040 1.579270 5.425870 1.484270 7.521960 2.230950 1.512380 2.490720 2.630240 2.704500 5.598170 1.959390 6.465710 5.310060 0.587266 5.654730 3.656530 5.503440 4.766980 5.698580 7.536140 6.415280 0.403188 6.692200 3.234010 6.542690 4.347200 6.803930 7.352200
1.482730 0.687535 1.430870 2.243360 1.578710 5.411560 1.489720 7.508640 2.260960 1.522710 2.469710 2.629100 2.673700 5.621380 1.982000 6.492080 5.311990 0.586688 5.656250 3.659480 5.503660 4.765190 5.700990 7.535750 6.417290 0.403102 6.688800 3.234020 6.546390 4.347330 6.806430 7.352300
1.474250 0.703873 1.399440 2.173050 1.576860 5.436430 1.503730 7.541770 2.296920 1.498400 2.465670 2.618240 2.669800 5.634400 1.970380 6.509780 5.314000 0.586086 5.653430 3.657740 5.507590 4.769460 5.703530 7.535350 6.419410 0.403057 6.691120 3.234820 6.545050 4.345340 6.809040 7.352430
1.486360 0.724007 1.406930 2.112760 1.566740 5.472130 1.519700 7.586070 2.307940 1.471410 2.429890 2.585270 2.684020 5.645650 1.947470 6.518310 5.315420 0.585665 5.652970 3.658260 5.510110 4.771530 5.705320 7.535070 6.420910 0.403044 6.692330 3.234380 6.543230 4.344120 6.810890 7.352550
1.479400 0.749957 1.401020 2.044240 1.565010 5.487440 1.542090 7.607060 2.346470 1.446150 2.400030 2.562700 2.667560 5.671590 1.941340 6.546130 5.316510 0.585350 5.654130 3.659700 5.509190 4.771510 5.706710 7.534870 6.422050 0.403043 6.690550 3.233490 6.545840 4.344340 6.812330 7.352660
1.464110 0.783698 1.400790 1.961740 1.557730 5.497670 1.558390 7.630060 2.380640 1.429470 2.378990 2.551700 2.656070 5.698340 1.942030 6.562300 5.317250 0.585147 5.654400 3.660570 5.509770 4.770890 5.707650 7.534740 6.422840 0.403061 6.689410 3.232750 6.546840 4.345340 6.813300 7.352750
1.458180 0.801332 1.410910 1.894990 1.549720 5.518540 1.573500 7.668510 2.412970 1.406790 2.341990 2.527780 2.657560 5.716590 1.930040 6.580120 5.317940 0.584965 5.654000 3.660320 5.511000 4.771890 5.708550 7.534650 6.423580 0.403093 6.689390 3.233260 6.546670 4.344570 6.814220 7.352840
1.474690 0.769494 1.404250 1.881040 1.548060 5.553020 1.602660 7.686090 2.433640 1.366740 2.307720 2.496000 2.646340 5.746710 1.911870 6.614990 5.318940 0.584718 5.653140 3.660750 5.512300 4.773180 5.709850 7.534510 6.424630 0.403151 6.689860 3.232950 6.546700 4.343870 6.815570 7.353000
1.491490 0.761616 1.378430 1.851690 1.529610 5.588360 1.640380 7.673220 2.409800 1.355250 2.322950 2.465470 2.634680 5.800820 1.913580 6.616760 5.320390 0.584348 5.653870 3.662100 5.513290 4.774040 5.711770 7.534290 6.426150 0.403244 6.688490 3.231940 6.547770 4.343790 6.817570 7.353270
1.449150 0.744245 1.375930 1.854740 1.492870 5.590280 1.686680 7.678810 2.388600 1.351620 2.341290 2.448120 2.664830 5.813380 1.907070 6.630450 5.322910 0.583655 5.654270 3.664050 5.515190 4.775360 5.715080 7.533930 6.428850 0.403427 6.686070 3.230480 6.550450 4.343940 6.821010 7.353750
1.395000 0.770832 1.395160 1.879720 1.512670 5.582040 1.721120 7.712280 2.370720 1.313880 2.339560 2.460350 2.652740 5.789520 1.906900 6.601670 5.325090 0.583069 5.653270 3.665370 5.518230 4.777190 5.717920 7.533610 6.431120 0.403590 6.685560 3.230040 6.551220 4.342910 6.823940 7.354150
1.349560 0.785251 1.391070 1.900980 1.547290 5.545210 1.754620 7.735440 2.350790 1.312600 2.359920 2.445890 2.624230 5.750050 1.906540 6.633790 5.326800 0.582656 5.652680 3.665790 5.520680 4.779540 5.720090 7.533360 6.432920 0.403695 6.685340 3.229830 6.551450 4.341680 6.826240 7.354470
1.319090 0.795767 1.369980 1.916880 1.537300 5.530980 1.795880 7.781500 2.306890 1.306020 2.397930 2.416010 2.634860 5.741780 1.910230 6.618870 5.328870 0.582182 5.652710 3.667510 5.522650 4.781080 5.722710 7.533110 6.435070 0.403827 6.684170 3.228390 6.552930 4.341450 6.828960 7.354860
1.275190 0.797028 1.372550 1.940870 1.522290 5.556980 1.848450 7.797940 2.279080 1.263990 2.404120 2.380890 2.646320 5.761480 1.910560 6.607030 5.331280 0.581701 5.653290 3.669690 5.524570 4.782210 5.725700 7.532850 6.437540 0.404039 6.681970 3.227200 6.555300 4.341070 6.832010 7.355250
1.239540 0.787510 1.379490 1.915510 1.534190 5.587500 1.883260 7.809900 2.265850 1.219330 2.406360 2.345100 2.629210 5.779100 1.908010 6.660700 5.333480 0.581317 5.652770 3.670730 5.527340 4.784060 5.728420 7.532680 6.439900 0.404204 6.680930 3.226400 6.556610 4.340550 6.834830 7.355620
1.233070 0.757401 1.374980 1.870120 1.529320 5.622350 1.889790 7.854500 2.261410 1.181660 2.413260 2.306370 2.623040 5.812020 1.912040 6.699100 5.335080 0.581100 5.652280 3.671470 5.529560 4.785690 5.730360 7.532600 6.441550 0.404317 6.680710 3.226050 6.556920 4.339600 6.836860 7.355880
1.211160 0.742563 1.376720 1.841820 1.515720 5.665770 1.915070 7.882230 2.260250 1.133410 2.408850 2.259490 2.626440 5.852010 1.915850 6.725300 5.336290 0.580985 5.652320 3.672290 5.530650 4.786650 5.731840 7.532540 6.442800 0.404444 6.680110 3.225460 6.557770 4.339170 6.838390 7.356100
1.184620 0.728802 1.377740 1.825460 1.516450 5.704530 1.953740 7.906470 2.241000 1.079560 2.414720 2.214900 2.620740 5.880220 1.915760 6.761900 5.337220 0.580881 5.652510 3.673020 5.531460 4.787050 5.732960 7.532540 6.443790 0.404557 6.679360 3.224830 6.558590 4.339220 6.839560 7.356300
1.158710 0.701834 1.376420 1.801510 1.514380 5.737520 1.984070 7.945570 2.219590 1.046590 2.431900 2.162710 2.617580 5.907130 1.917510 6.798260 5.338020 0.580801 5.652480 3.673460 5.532350 4.787590 5.733950 7.532540 6.444640 0.404689 6.678900 3.224600 6.559120 4.338920 6.840590 7.356510
1.133920 0.674569 1.373440 1.768900 1.508080 5.782950 2.004920 7.947990 2.206030 1.036310 2.449820 2.107160 2.615440 5.947520 1.922610 6.834760 5.339040 0.580717 5.652220 3.673940 5.533570 4.788420 5.735240 7.532540 6.445720 0.404881 6.678630 3.224240 6.559590 4.338510 6.841950 7.356810
1.140500 0.634701 1.366910 1.747060 1.497990 5.844800 2.003430 7.932560 2.197260 1.001290 2.459930 2.083660 2.617340 6.000150 1.921270 6.854310 5.340680 0.580564 5.652230 3.674870 5.535290 4.789610 5.737400 7.532580 6.447430 0.405221 6.677840 3.223520 6.560490 4.337940 6.844240 7.357370
1.144740 0.605985 1.373250 1.702940 1.465380 5.871380 2.011590 7.935170 2.219820 0.997013 2.435870 2.066690 2.635650 6.049020 1.896670 6.866700 5.344350 0.580171 5.652250 3.677120 5.538850 4.791960 5.742320 7.532600 6.451310 0.406070 6.675820 3.221740 6.562950 4.336940 6.849410 7.358710
1.144680 0.603708 1.363300 1.682140 1.457360 5.826810 2.053110 7.936770 2.253310 1.008060 2.408580 2.102690 2.620470 6.063360 1.855100 6.866810 5.348930 0.579565 5.651980 3.679750 5.543630 4.794960 5.748510 7.532640 6.456190 0.407185 6.673530 3.219830 6.565690 4.335520 6.855860 7.360420
1.187460 0.588720 1.359500 1.702650 1.493010 5.792710 2.075710 7.931140 2.243200 1.027190 2.390740 2.141730 2.579640 6.049190 1.809930 6.854260 5.351780 0.579151 5.651700 3.681150 5.546730 4.797010 5.752360 7.532650 6.459190 0.407900 6.672290 3.218820 6.567130 4.334470 6.859840 7.361500
1.225890 0.602580 1.339490 1.719690 1.500400 5.744300 2.121510 7.916660 2.233620 1.044170 2.373350 2.161110 2.568310 6.041270 1.761040 6.855270 5.354430 0.578772 5.651500 3.682620 5.549460 4.798800 5.755970 7.532610 6.461940 0.408552 6.671140 3.217690 6.568590 4.333610 6.863580 7.362510
1.243480 0.594763 1.318820 1.725010 1.481710 5.712200 2.167810 7.918820 2.263950 1.060370 2.344480 2.169190 2.559450 6.079690 1.721640 6.821560 5.358160 0.578209 5.651590 3.684820 5.553120 4.801130 5.761080 7.532570 6.465890 0.409418 6.669190 3.216060 6.570940 4.332470 6.868920 7.363920
1.281880 0.567526 1.324650 1.679290 1.486850 5.712810 2.172740 7.910510 2.271990 1.054200 2.315460 2.187920 2.532470 6.124390 1.685750 6.840570 5.363060 0.577429 5.651530 3.687580 5.558180 4.804220 5.767830 7.532510 6.471120 0.410556 6.666770 3.213950 6.573960 4.331030 6.875980 7.365730
1.270100 0.525463 1.332290 1.639130 1.496200 5.750930 2.177000 7.879900 2.282480 1.044850 2.305830 2.183020 2.526830 6.155010 1.657640 6.895570 5.366950 0.576782 5.651310 3.689610 5.562430 4.806790 5.773160 7.532420 6.475220 0.411424 6.665140 3.212530 6.576100 4.329630 6.881530 7.367140
1.265420 0.490721 1.327990 1.612160 1.483850 5.804380 2.201790 7.888740 2.271600 1.007200 2.306900 2.151980 2.527980 6.212660 1.644410 6.903580 5.369990 0.576246 5.651240 3.691230 5.565670 4.808780 5.777320 7.532290 6.478460 0.412056 6.663840 3.211340 6.577840 4.328590 6.885950 7.368280
1.269760 0.463647 1.314530 1.586590 1.473320 5.831350 2.228260 7.874740 2.257540 0.993669 2.311140 2.101140 2.525440 6.269840 1.634960 6.948580 5.372440 0.575749 5.651370 3.692620 5.568090 4.810220 5.780730 7.532170 6.481040 0.412560 6.662660 3.210250 6.579380 4.327910 6.889550 7.369170
1.282470 0.423318 1.299980 1.562830 1.486010 5.865030 2.264420 7.868180 2.258000 0.969156 2.310170 2.078920 2.504930 6.320760 1.595890 6.979900 5.374540 0.575254 5.651460 3.693780 5.570210 4.811460 5.783760 7.532020 6.483300 0.413010 6.661680 3.209410 6.580690 4.327250 6.892710 7.369960
1.302210 0.383431 1.307330 1.527590 1.487530 5.885270 2.291410 7.838710 2.261550 0.961600 2.294510 2.075460 2.493000 6.380730 1.554400 7.014300 5.376110 0.574820 5.651390 3.694550 5.571910 4.812420 5.786060 7.531880 6.485000 0.413335 6.661080 3.208830 6.581550 4.326720 6.895170 7.370570
1.324750 0.345667 1.307120 1.493520 1.487490 5.907800 2.314320 7.816610 2.278460 0.941139 2.276940 2.070880 2.475470 6.449140 1.520540 7.041750 5.377180 0.574478 5.651390 3.695060 5.573030 4.813070 5.787690 7.531740 6.486150 0.413541 6.660660 3.208450 6.582130 4.326360 6.896910 7.371010
1.343870 0.311931 1.307950 1.458090 1.492790 5.936680 2.337420 7.789650 2.288300 0.925284 2.263030 2.052580 2.458380 6.516350 1.488540 7.075630 5.377900 0.574196 5.651420 3.695450 5.573750 4.813470 5.788840 7.531610 6.486960 0.413680 6.660340 3.208150 6.582580 4.326140 6.898160 7.371310
1.359820 0.278902 1.306730 1.424600 1.499410 5.970090 2.357910 7.762300 2.294270 0.901701 2.254400 2.032740 2.446050 6.583960 1.457950 7.111730 5.378460 0.573940 5.651450 3.695740 5.574290 4.813780 5.789760 7.531500 6.487570 0.413779 6.660090 3.207930 6.582900 4.325980 6.899160 7.371550
1.372520 0.254256 1.307130 1.385150 1.508320 6.014550 2.373710 7.748650 2.302100 0.874048 2.245680 2.003750 2.434030 6.646480 1.428840 7.138980 5.379080 0.573626 5.651450 3.696050 5.574900 4.814140 5.790820 7.531340 6.488270 0.413885 6.659830 3.207710 6.583240 4.325790 6.900330 7.371830
1.374570 0.251496 1.305800 1.333630 1.511120 6.065140 2.375160 7.772750 2.322920 0.856452 2.232890 1.951130 2.432040 6.674410 1.409000 7.160540 5.380370 0.572926 5.651440 3.696680 5.576140 4.814870 5.793060 7.530990 6.489720 0.414112 6.659290 3.207240 6.583920 4.325400 6.902780 7.372450
1.361780 0.254064 1.278670 1.333330 1.477630 6.091730 2.361190 7.759980 2.357160 0.840933 2.210010 1.925950 2.451460 6.680290 1.433240 7.178200 5.385160 0.570227 5.651410 3.699020 5.580610 4.817510 5.801410 7.529650 6.495070 0.415033 6.657280 3.205530 6.586410 4.323980 6.911730 7.374800
1.374080 0.270271 1.270650 1.372820 1.466590 6.059520 2.378980 7.746130 2.320840 0.856723 2.206960 1.965870 2.443260 6.629640 1.439640 7.162480 5.389710 0.567614 5.651390 3.701210 5.584740 4.819950 5.809210 7.528370 6.500080 0.415983 6.655420 3.203930 6.588720 4.322660 6.919960 7.377040
1.383310 0.255481 1.287020 1.381340 1.473530 6.013930 2.393890 7.750810 2.275030 0.894703 2.224280 2.011300 2.408490 6.608590 1.434750 7.146630 5.392890 0.565764 5.651390 3.702690 5.587560 4.821580 5.814560 7.527480 6.503550 0.416685 6.654150 3.202870 6.590280 4.321770 6.925550 7.378610
1.360760 0.237041 1.292990 1.387740 1.464160 5.970050 2.366750 7.766690 2.302220 0.896887 2.232080 2.062420 2.405560 6.630700 1.419510 7.110050 5.398370 0.562660 5.651390 3.705230 5.592470 4.824410 5.823920 7.525960 6.509590 0.417784 6.651970 3.201050 6.592990 4.320220 6.935490 7.381330
1.340650 0.268371 1.324980 1.376560 1.482510 5.980100 2.313010 7.753830 2.317950 0.893114 2.207990 2.033210 2.421070 6.645520 1.387130 7.109300 5.405670 0.558611 5.651440 3.708640 5.599010 4.828140 5.836540 7.524000 6.517610 0.419131 6.649080 3.198660 6.596580 4.318140 6.949000 7.384910
1.328310 0.267465 1.295240 1.373170 1.514160 6.026990 2.305050 7.752800 2.306290 0.859247 2.223030 1.988930 2.401730 6.646140 1.379390 7.143910 5.412060 0.555075 5.651520 3.711540 5.604550 4.831280 5.847480 7.522300 6.524580 0.420335 6.646620 3.196640 6.599620 4.316370 6.960600 7.388030
1.320600 0.258993 1.265360 1.377710 1.479130 6.039640 2.339420 7.757920 2.254650 0.854260 2.251480 1.946240 2.420940 6.672060 1.382430 7.150520 5.418120 0.551676 5.651590 3.714160 5.609590 4.834100 5.857630 7.520720 6.531220 0.421568 6.644410 3.194830 6.602370 4.314780 6.971300 7.391040
1.298670 0.245890 1.252490 1.394410 1.442050 6.048120 2.343380 7.772590 2.219790 0.852109 2.254860 1.948930 2.409550 6.640410 1.434170 7.152900 5.427310 0.546614 5.651720 3.717980 5.617010 4.838180 5.873050 7.518410 6.541160 0.423422 6.641160 3.192230 6.606380 4.312420 6.987460 7.395600
1.276190 0.266538 1.250530 1.398790 1.426270 6.038640 2.353330 7.743620 2.235410 0.863192 2.221290 1.992980 2.402510 6.598930 1.418400 7.150210 5.438290 0.540702 5.651930 3.722510 5.625770 4.842950 5.891730 7.515710 6.553050 0.425576 6.637340 3.189180 6.611110 4.309620 7.007080 7.401090
1.324430 0.271310 1.261100 1.390130 1.421610 6.024220 2.327880 7.738280 2.251300 0.868376 2.173620 2.002820 2.380460 6.606340 1.375580 7.148950 5.448880 0.535045 5.652210 3.726730 5.633980 4.847320 5.909550 7.513270 6.564420 0.427617 6.633770 3.186390 6.615510 4.306990 7.025920 7.406420
1.341110 0.254633 1.238730 1.353130 1.417760 6.023660 2.305730 7.749570 2.287750 0.883412 2.168890 1.997930 2.340800 6.649010 1.354610 7.136920 5.458470 0.529963 5.652470 3.730360 5.641110 4.851040 5.925580 7.511050 6.574650 0.429526 6.630720 3.184030 6.619320 4.304730 7.042530 7.411250
1.313060 0.239481 1.251700 1.340470 1.404790 6.019940 2.330240 7.779920 2.272060 0.875465 2.155170 1.978610 2.331410 6.662200 1.307820 7.149080 5.472670 0.522429 5.652920 3.735510 5.651300 4.856260 5.949070 7.507880 6.589770 0.432372 6.626420 3.180730 6.624730 4.301490 7.067090 7.418360
1.305120 0.251852 1.236080 1.361570 1.394540 6.033430 2.303950 7.749610 2.225770 0.860765 2.160990 1.988180 2.313870 6.658850 1.322440 7.137420 5.489160 0.513772 5.653540 3.741360 5.662830 4.862090 5.976540 7.504360 6.607250 0.435383 6.621570 3.177060 6.630790 4.297800 7.095770 7.426730
1.274020 0.264505 1.202310 1.383900 1.377430 6.024010 2.260330 7.744960 2.226820 0.873165 2.171610 1.985090 2.338270 6.607280 1.335260 7.156200 5.501580 0.507340 5.654060 3.745500 5.671030 4.866120 5.997130 7.501690 6.620200 0.437697 6.618170 3.174530 6.635090 4.295180 7.116910 7.433050
1.233920 0.285793 1.216630 1.408550 1.357610 6.029820 2.252870 7.754350 2.189520 0.859725 2.156770 1.974710 2.338640 6.590200 1.327990 7.132140 5.519980 0.497678 5.654850 3.751210 5.682510 4.871640 6.027060 7.497940 6.639380 0.441327 6.613500 3.171080 6.641130 4.291540 7.147870 7.442500
1.222810 0.254312 1.196500 1.399220 1.353060 6.023050 2.241980 7.734010 2.167960 0.850842 2.169550 1.985770 2.297400 6.633720 1.312990 7.150490 5.538330 0.488152 5.655740 3.756680 5.693550 4.876800 6.057240 7.494450 6.658420 0.444704 6.609080 3.167870 6.646820 4.288020 7.178790 7.452130
1.231610 0.258719 1.182230 1.368440 1.351470 6.026910 2.229550 7.764870 2.173350 0.863418 2.161630 1.962260 2.271040 6.646040 1.256380 7.136980 5.555630 0.479353 5.656620 3.761480 5.703320 4.881270 6.085800 7.491270 6.676140 0.447957 6.605260 3.165090 6.651890 4.284910 7.208300 7.461250
1.223830 0.262625 1.183050 1.373240 1.332330 6.019530 2.191610 7.745460 2.191940 0.853186 2.118370 1.963200 2.254070 6.660230 1.236840 7.145720 5.576430 0.468648 5.657700 3.766770 5.714250 4.886140 6.120080 7.487650 6.697500 0.451791 6.601080 3.162070 6.657570 4.281460 7.243560 7.472490
1.189810 0.271748 1.174950 1.375530 1.307600 6.026650 2.183800 7.737060 2.172970 0.848163 2.100930 1.993470 2.237360 6.617880 1.236080 7.148280 5.598300 0.457280 5.658890 3.771820 5.724710 4.890620 6.155670 7.483990 6.719560 0.455856 6.597180 3.159290 6.662940 4.278150 7.279480 7.484440
1.187260 0.255992 1.152080 1.387790 1.258260 6.026480 2.178740 7.736660 2.126420 0.870708 2.103510 1.989580 2.232300 6.606170 1.235990 7.141030 5.620520 0.445749 5.660050 3.776360 5.734330 4.894680 6.191540 7.480290 6.741720 0.460169 6.593750 3.156780 6.667950 4.275130 7.315800 7.496680
1.177960 0.258675 1.110890 1.398260 1.226270 6.027290 2.180430 7.742390 2.110870 0.851827 2.094470 1.969720 2.200780 6.620480 1.227830 7.140910 5.645600 0.432760 5.661430 3.780980 5.744200 4.898670 6.232520 7.476540 6.766640 0.464600 6.590370 3.154290 6.673040 4.272040 7.356930 7.510800
1.149270 0.270172 1.112370 1.375730 1.222680 6.039140 2.162540 7.736090 2.103560 0.848808 2.066250 1.950730 2.175190 6.615760 1.192210 7.168350 5.670930 0.419648 5.662790 3.785060 5.753120 4.902180 6.273700 7.472960 6.791660 0.469104 6.587470 3.152090 6.677720 4.269260 7.398750 7.525150
1.134750 0.264184 1.107930 1.367600 1.206680 6.055360 2.113080 7.730090 2.102050 0.836361 2.049610 1.965640 2.161620 6.625440 1.159310 7.155340 5.697160 0.406184 5.664140 3.788630 5.761100 4.905170 6.316270 7.469510 6.817330 0.473401 6.585050 3.150160 6.681930 4.266780 7.442220 7.540350
1.111050 0.259268 1.096620 1.376620 1.181810 6.030490 2.086970 7.734600 2.085010 0.852117 2.045930 1.969510 2.142680 6.626840 1.126750 7.146050 5.725340 0.391791 5.665500 3.791740 5.768310 4.907750 6.362100 7.466000 6.844630 0.477720 6.583040 3.148480 6.685760 4.264560 7.488720 7.556690
1.083800 0.271432 1.079020 1.387210 1.170840 6.012290 2.074870 7.737820 2.053750 0.847839 2.043290 1.969590 2.098200 6.618440 1.113300 7.146950 5.754240 0.376920 5.666720 3.794230 5.774250 4.909800 6.408530 7.462620 6.872510 0.481945 6.581570 3.147100 6.689010 4.262740 7.536320 7.573290
1.062800 0.268010 1.058650 1.400410 1.143070 6.018690 2.048760 7.728570 2.029460 0.841250 2.032960 1.960340 2.084550 6.621520 1.087840 7.148990 5.785260 0.361115 5.667910 3.796230 5.779270 4.911400 6.458060 7.459290 6.902290 0.485895 6.580520 3.145960 6.691780 4.261210 7.587030 7.591340
1.036910 0.269585 1.043640 1.390680 1.116720 6.038800 2.020320 7.729400 2.012360 0.837166 2.020170 1.951000 2.073310 6.617870 1.056700 7.150070 5.816190 0.345786 5.668910 3.797620 5.783030 4.912520 6.507130 7.456170 6.931730 0.489408 6.579920 3.145090 6.693940 4.260080 7.639260 7.608970
1.007690 0.267946 1.030110 1.384080 1.095190 6.043920 1.995040 7.725880 1.998370 0.829298 2.004810 1.947930 2.043720 6.622380 1.033380 7.160510 5.847340 0.330740 5.669740 3.798560 5.785770 4.913240 6.556940 7.453490 6.962180 0.491662 6.579640 3.144460 6.695560 4.259250 7.694740 7.626880
0.984441 0.269219 1.016640 1.387120 1.070010 6.040230 1.973890 7.727910 1.979540 0.828969 1.990650 1.944080 2.017270 6.624590 1.001680 7.157300 5.878890 0.316205 5.670400 3.799120 5.787670 4.913660 6.606440 7.450830 6.993310 0.493055 6.579580 3.144040 6.696740 4.258690 7.753070 7.645190
0.960609 0.268261 0.999192 1.390060 1.047470 6.037880 1.945920 7.725890 1.960330 0.828451 1.981280 1.945040 1.992330 6.623290 0.972144 7.158320 5.910790 0.302384 5.670910 3.799440 5.788950 4.913900 6.654850 7.448150 7.024930 0.493749 6.579650 3.143740 6.697580 4.258320 7.813300 7.663350
0.931041 0.269695 0.985288 1.391030 1.025560 6.039200 1.918050 7.724200 1.940350 0.825342 1.969600 1.943130 1.968940 6.622860 0.944770 7.158890 5.943900 0.289039 5.671340 3.799650 5.789890 4.914030 6.702910 7.445380 7.058200 0.493772 6.579770 3.143530 6.698220 4.258040 7.872380 7.682430
0.906419 0.272865 0.968210 1.392590 1.000340 6.040390 1.888080 7.723970 1.918920 0.821616 1.955800 1.938080 1.945320 6.623470 0.924298 7.157350 5.983270 0.274578 5.671760 3.799800 5.790750 4.914130 6.755780 7.442090 7.095920 0.495054 6.579950 3.143340 6.698830 4.257800 7.916580 7.703080
0.898667 0.281047 0.944968 1.397430 0.971016 6.038690 1.865400 7.722640 1.896290 0.821117 1.938680 1.933380 1.919170 6.620860 0.910279 7.155550 6.033890 0.257131 5.672290 3.799970 5.791760 4.914230 6.816910 7.438850 7.135340 0.504897 6.580200 3.143120 6.699570 4.257530 7.925790 7.713780
0.890304 0.283346 0.919796 1.404860 0.936494 6.037200 1.859880 7.719960 1.876460 0.824136 1.915400 1.934850 1.890510 6.612760 0.897454 7.157200 6.089570 0.237339 5.673020 3.800160 5.793080 4.914350 6.867710 7.436490 7.171740 0.527079 6.580590 3.142830 6.700550 4.257220 7.937670 7.710440
0.892205 0.286999 0.892806 1.402740 0.889454 6.039710 1.856850 7.718650 1.857140 0.829906 1.880820 1.944360 1.862570 6.599320 0.904454 7.154810 6.135590 0.229118 5.674200 3.800430 5.795080 4.914530 6.897790 7.430400 7.220790 0.536187 6.581280 3.142430 6.702070 4.256730 7.957100 7.713880
0.903405 0.282092 0.861861 1.393830 0.839026 6.049150 1.870440 7.716590 1.857360 0.844943 1.831430 1.958570 1.850280 6.576490 0.910395 7.159450 6.172990 0.252151 5.676060 3.800840 5.798140 4.914800 6.914540 7.420870 7.255070 0.531014 6.582450 3.141850 6.704430 4.256020 7.972360 7.701540
0.915784 0.267226 0.837981 1.370910 0.809384 6.067310 1.897490 7.711970 1.859640 0.852329 1.775030 1.977640 1.846300 6.556150 0.936334 7.162690 6.194660 0.288872 5.678630 3.801360 5.802320 4.915160 6.900830 7.429240 7.278550 0.526936 6.584100 3.141090 6.707650 4.255080 7.975550 7.676240
0.918524 0.250495 0.817902 1.339520 0.808497 6.076160 1.922650 7.712960 1.845470 0.856602 1.726470 1.981690 1.862510 6.543290 0.957415 7.160460 6.190360 0.335368 5.681860 3.801990 5.807460 4.915570 6.880160 7.462110 7.309330 0.523969 6.586180 3.140140 6.711650 4.253900 7.973770 7.646010
0.905715 0.232809 0.784033 1.327840 0.836577 6.057710 1.920760 7.717060 1.827080 0.853825 1.697170 1.970180 1.887460 6.547770 0.968691 7.147240 6.200130 0.393727 5.685320 3.802600 5.812920 4.915940 6.869030 7.501100 7.325160 0.525778 6.588430 3.139060 6.715930 4.252660 7.975820 7.614930
0.884424 0.228857 0.757822 1.323690 0.886287 6.027410 1.899970 7.718650 1.801880 0.845287 1.682560 1.955730 1.906640 6.563430 0.960139 7.128730 6.225860 0.442992 5.688210 3.803010 5.817400 4.916160 6.857800 7.518290 7.356460 0.534328 6.590300 3.138130 6.719450 4.251530 7.965000 7.604000
0.858569 0.218595 0.743706 1.317690 0.942725 6.006320 1.873740 7.717540 1.777500 0.838067 1.672170 1.948880 1.913640 6.584560 0.940413 7.113700 6.263340 0.477764 5.690430 3.803210 5.820830 4.916220 6.847150 7.534330 7.393120 0.545812 6.591800 3.137290 6.722140 4.250580 7.948960 7.589650
0.829830 0.207964 0.728295 1.309190 0.986502 5.987180 1.846610 7.722530 1.755240 0.833497 1.659100 1.945510 1.925080 6.604590 0.928492 7.097940 6.299250 0.519769 5.692350 3.803240 5.823770 4.916160 6.838610 7.553850 7.433980 0.551365 6.593110 3.136460 6.724450 4.249650 7.935570 7.561330
0.802483 0.201031 0.704917 1.303000 1.012810 5.973290 1.828490 7.730260 1.730180 0.833708 1.639190 1.941350 1.940720 6.613960 0.930444 7.082450 6.335190 0.569254 5.693980 3.803150 5.826230 4.915960 6.827590 7.577690 7.481710 0.542760 6.594210 3.135640 6.726410 4.248750 7.925680 7.527970
0.778017 0.191919 0.674469 1.296900 1.029710 5.968150 1.820510 7.732320 1.702110 0.833180 1.612520 1.940870 1.949520 6.616420 0.933843 7.077310 6.379540 0.615726 5.695240 3.802960 5.828140 4.915690 6.824080 7.603900 7.530900 0.530974 6.595070 3.134870 6.727920 4.247940 7.918630 7.491090
0.755166 0.182646 0.642280 1.285300 1.038280 5.966690 1.814820 7.736170 1.673490 0.832122 1.580030 1.938860 1.954200 6.619750 0.936065 7.072730 6.429750 0.656592 5.696200 3.802710 5.829580 4.915390 6.827890 7.626740 7.585280 0.522729 6.595720 3.134170 6.729070 4.247220 7.912390 7.460410
0.741149 0.170797 0.607097 1.270420 1.043230 5.963830 1.806400 7.740360 1.645950 0.832182 1.542510 1.934910 1.957800 6.624590 0.937362 7.067970 6.485560 0.693868 5.697000 3.802420 5.830770 4.915060 6.833560 7.648540 7.637980 0.519300 6.596270 3.133490 6.730000 4.246530 7.907600 7.435960
0.741347 0.153776 0.572087 1.252760 1.050410 5.958980 1.800880 7.742620 1.620360 0.833874 1.496560 1.932550 1.960510 6.628180 0.936781 7.058920 6.547810 0.735193 5.697790 3.802050 5.831950 4.914650 6.840450 7.672430 7.670820 0.516405 6.596810 3.132720 6.730940 4.245760 7.904720 7.419350
0.743510 0.138272 0.548104 1.234590 1.062170 5.947620 1.800630 7.741980 1.603140 0.836818 1.440280 1.933720 1.965230 6.628670 0.938305 7.046450 6.604830 0.785330 5.698740 3.801530 5.833330 4.914090 6.845870 7.702870 7.682650 0.502370 6.597470 3.131710 6.732040 4.244770 7.903930 7.409440
0.746169 0.124564 0.532042 1.217960 1.080630 5.932410 1.800600 7.740450 1.595160 0.840645 1.382540 1.938870 1.973710 6.625490 0.942094 7.033890 6.638950 0.843551 5.699990 3.800720 5.835150 4.913240 6.847210 7.742890 7.693850 0.482572 6.598310 3.130260 6.733480 4.243350 7.900320 7.389360
0.746851 0.104782 0.518844 1.199120 1.108060 5.917980 1.801840 7.738000 1.584560 0.846764 1.336180 1.947750 1.986470 6.624860 0.945108 7.016680 6.669790 0.902823 5.701880 3.799320 5.837930 4.911760 6.839200 7.784500 7.699120 0.469785 6.599560 3.127860 6.735670 4.240990 7.889150 7.367250
0.739560 0.087220 0.512877 1.187760 1.148840 5.900820 1.796490 7.737530 1.565940 0.842619 1.307660 1.954510 2.001910 6.633850 0.941024 6.999310 6.715590 0.957286 5.705000 3.796680 5.842650 4.908950 6.809960 7.811510 7.700290 0.457971 6.601590 3.123580 6.739360 4.236690 7.871480 7.363930
0.726941 0.081117 0.496758 1.189060 1.203250 5.889680 1.774740 7.735460 1.555770 0.835795 1.309710 1.944540 2.010150 6.654970 0.928204 6.983620 6.756460 1.001720 5.710110 3.791770 5.850640 4.903750 6.778750 7.838340 7.696340 0.446854 6.604910 3.116110 6.745550 4.229000 7.851930 7.358430
0.707522 0.077099 0.487242 1.195670 1.250500 5.888140 1.748490 7.743030 1.540670 0.829438 1.340770 1.915800 2.020290 6.679040 0.912626 6.973750 6.758830 1.040470 5.718420 3.783180 5.863820 4.894590 6.764750 7.874890 7.686990 0.446503 6.610240 3.103310 6.755690 4.215760 7.833370 7.339560
0.680567 0.065697 0.494783 1.202780 1.267000 5.897260 1.738950 7.739040 1.520020 0.805964 1.381540 1.906660 2.035260 6.695920 0.917493 6.972220 6.733740 1.057690 5.731430 3.769040 5.884500 4.879520 6.743210 7.895820 7.669820 0.476141 6.618320 3.082530 6.771550 4.194220 7.812040 7.359700
0.680703 0.081611 0.502145 1.215700 1.247960 5.909050 1.737970 7.728730 1.527890 0.805695 1.399250 1.907810 2.047010 6.669090 0.912372 6.980560 6.689090 1.044830 5.745370 3.753110 5.906940 4.862410 6.736770 7.897750 7.659000 0.509325 6.626720 3.059450 6.788670 4.170070 7.792340 7.405030
0.689383 0.111400 0.516061 1.227310 1.202810 5.910500 1.741220 7.719940 1.558140 0.815018 1.392030 1.915210 2.030140 6.654460 0.887758 7.000350 6.650150 1.015880 5.755820 3.740230 5.924340 4.848430 6.758230 7.892460 7.657160 0.533649 6.632890 3.041200 6.801760 4.150720 7.802320 7.423450
0.699021 0.124753 0.532753 1.226880 1.148550 5.924380 1.734980 7.728980 1.574970 0.824272 1.390950 1.933520 1.977660 6.652530 0.879563 7.013340 6.633040 0.989402 5.763070 3.730460 5.936810 4.837860 6.784590 7.869260 7.664050 0.546639 6.637040 3.027670 6.811000 4.136250 7.832190 7.434020
0.708917 0.135513 0.538021 1.237300 1.079590 5.925700 1.744220 7.746960 1.581220 0.845902 1.401350 1.947920 1.930900 6.654820 0.882678 7.029590 6.636430 0.959077 5.768870 3.722120 5.946860 4.828810 6.807030 7.844010 7.671430 0.544118 6.640210 3.016080 6.818360 4.123940 7.844130 7.438360
0.720755 0.156280 0.533242 1.262140 1.009420 5.939780 1.766540 7.756390 1.583140 0.860016 1.409700 1.963800 1.903790 6.636000 0.882733 7.055630 6.644430 0.928768 5.774970 3.712900 5.957410 4.818880 6.810400 7.825470 7.684030 0.537084 6.643480 3.003380 6.826080 4.110440 7.850100 7.433260
0.730746 0.167900 0.530620 1.276410 0.941931 5.985880 1.776860 7.744970 1.585410 0.869458 1.409770 1.978350 1.892200 6.606270 0.894163 7.084070 6.644370 0.917775 5.782860 3.700590 5.971140 4.805600 6.810730 7.809840 7.685940 0.533742 6.647740 2.986580 6.836050 4.092680 7.859690 7.440120
0.727827 0.184678 0.535609 1.266700 0.875448 6.016340 1.791550 7.755840 1.597210 0.868859 1.398060 1.976940 1.881670 6.588670 0.907199 7.104800 6.632110 0.922093 5.794400 3.682460 5.990900 4.786090 6.821130 7.814040 7.676230 0.550012 6.653970 2.961880 6.850450 4.066700 7.866450 7.454130
0.733253 0.187717 0.537230 1.271670 0.835945 6.012430 1.803870 7.771860 1.606100 0.873615 1.391310 1.966340 1.855020 6.594810 0.903023 7.115220 6.606870 0.938571 5.810030 3.657930 6.017120 4.759730 6.822310 7.845270 7.675240 0.573499 6.662290 2.928400 6.869570 4.031600 7.871050 7.471560
0.734164 0.196746 0.536431 1.288840 0.843146 6.012290 1.781620 7.752930 1.601380 0.879900 1.409220 1.983580 1.848470 6.599320 0.876468 7.110800 6.603740 0.968091 5.826250 3.631990 6.044320 4.731760 6.812960 7.870960 7.670040 0.588837 6.670810 2.893090 6.889280 3.994670 7.851920 7.496430
0.707367 0.204134 0.549288 1.303330 0.883906 6.004210 1.747330 7.748970 1.593770 0.875013 1.427110 1.995180 1.842240 6.605870 0.852014 7.104060 6.625910 0.997726 5.838020 3.612220 6.064300 4.710460 6.788190 7.889270 7.668980 0.610345 6.676890 2.866390 6.903560 3.966730 7.831340 7.506310
0.694826 0.196791 0.552155 1.308940 0.925421 5.981070 1.721110 7.761710 1.583560 0.871036 1.444260 1.983230 1.839300 6.635760 0.827003 7.096570 6.640090 1.035670 5.847640 3.594890 6.080740 4.691860 6.775250 7.923730 7.668510 0.619952 6.681610 2.842900 6.915140 3.942390 7.803600 7.513700
0.682948 0.193147 0.542861 1.303480 0.959913 5.972440 1.706910 7.761670 1.574990 0.864547 1.455220 1.968590 1.845200 6.668790 0.808261 7.078930 6.643810 1.088350 5.856640 3.577150 6.096180 4.672980 6.763910 7.970860 7.663020 0.626647 6.685480 2.818540 6.925780 3.917680 7.789090 7.516420
0.665553 0.186860 0.545847 1.304610 0.990747 5.974620 1.691940 7.759520 1.564800 0.855731 1.448560 1.962230 1.857220 6.663370 0.805145 7.081250 6.656400 1.148090 5.866160 3.556050 6.112930 4.650670 6.746860 0.010674 7.653610 0.644367 6.688680 2.788950 6.936910 3.888290 7.768860 7.524950
0.658809 0.194335 0.540233 1.308990 0.991998 5.973720 1.687440 7.751670 1.558990 0.853186 1.440030 1.969100 1.871500 6.658880 0.797819 7.080850 6.678370 1.198080 5.876330 3.529710 6.131990 4.622910 6.728580 0.051789 7.651040 0.661113 6.690800 2.751440 6.948790 3.851490 7.747490 7.542950
0.662123 0.195480 0.538781 1.320690 0.975091 5.979460 1.683550 7.755690 1.558990 0.864262 1.438000 1.975510 1.854480 6.661850 0.783272 7.082260 6.697000 1.240870 5.886120 3.498960 6.152220 4.590550 6.717390 0.091440 7.655770 0.667825 6.691280 2.707590 6.960460 3.808560 7.745680 7.559220
0.661837 0.210359 0.546728 1.327710 0.946541 5.983460 1.678620 7.766550 1.561780 0.870932 1.444570 1.986110 1.821010 6.667830 0.776962 7.098270 6.716210 1.276140 5.894290 3.467260 6.170940 4.557170 6.721030 0.114544 7.659340 0.681642 6.689930 2.661680 6.970330 3.764550 7.740110 7.566020
0.658128 0.221738 0.554322 1.342290 0.909346 5.995110 1.677540 7.773000 1.569640 0.880047 1.456170 1.995040 1.801000 6.670230 0.764405 7.112410 6.731490 1.308220 5.901290 3.434480 6.187830 4.523130 6.725230 0.129448 7.663710 0.699403 6.687210 2.613770 6.978410 3.719560 7.734490 7.582340
0.663967 0.235745 0.561187 1.356630 0.879055 6.014500 1.672230 7.772800 1.572080 0.884952 1.469590 2.001650 1.785620 6.666340 0.754027 7.124530 6.739550 1.340700 5.907380 3.400180 6.203320 4.487760 6.724840 0.152812 7.666220 0.718472 6.683980 2.565210 6.985370 3.673570 7.731810 7.604360
0.659774 0.250366 0.569103 1.370240 0.853990 6.026140 1.670030 7.773760 1.577630 0.886287 1.482870 2.005050 1.771070 6.664770 0.746770 7.140750 6.745900 1.368390 5.912490 3.363110 6.218620 4.448650 6.722530 0.186003 7.667910 0.742264 6.680770 2.522760 6.992380 3.625560 7.728380 7.626120
0.660557 0.263615 0.580648 1.384810 0.829880 6.037510 1.665750 7.779230 1.583160 0.890816 1.500360 2.007360 1.753900 6.667600 0.735847 7.152830 6.748090 1.374310 5.914450 3.323550 6.235510 4.401800 6.719540 0.221879 7.674410 0.767408 6.678800 2.499320 7.001740 3.576470 7.717590 7.651720
0.662342 0.277815 0.596547 1.402290 0.803726 6.051950 1.658240 7.782470 1.591570 0.896099 1.526000 2.015510 1.731920 6.673910 0.716201 7.167990 6.737840 1.364290 5.911670 3.288050 6.252740 4.352690 6.720420 0.244979 7.683880 0.789346 6.681800 2.475720 7.015300 3.538520 7.710020 7.678600
0.661644 0.299794 0.614648 1.421110 0.769882 6.068990 1.648270 7.787270 1.604780 0.902253 1.556680 2.023130 1.704610 6.677980 0.700977 7.184980 6.715060 1.351170 5.919640 3.253520 6.263510 4.318980 6.728890 0.234764 7.683880 0.818498 6.689500 2.451640 7.027560 3.505590 7.710680 7.700560
0.661921 0.323008 0.626124 1.438540 0.726465 6.086750 1.641500 7.795180 1.614870 0.908128 1.584210 2.024510 1.681250 6.677400 0.698581 7.204080 6.676240 1.321670 5.935540 3.231250 6.267820 4.297960 6.736700 0.214418 7.678460 0.841471 6.708140 2.425900 7.037070 3.488110 7.725320 7.721840
0.668588 0.341355 0.627401 1.455540 0.682334 6.111880 1.651480 7.797860 1.618330 0.913832 1.600660 2.025090 1.665550 6.671640 0.703395 7.222620 6.627520 1.293250 5.957480 3.207950 6.269630 4.286670 6.736330 0.194770 7.667510 0.858343 6.740480 2.401450 7.047000 3.478060 7.736540 7.739890
0.667264 0.355155 0.621443 1.464420 0.646656 6.141890 1.668880 7.800690 1.619770 0.918933 1.598490 2.032240 1.653820 6.662540 0.711524 7.247200 6.591170 1.283100 5.986910 3.173500 6.272580 4.266080 6.726740 0.181741 7.648470 0.871886 6.786660 2.380940 7.063510 3.467470 7.736320 7.752430
0.659731 0.364782 0.609878 1.466140 0.625955 6.165110 1.670170 7.810940 1.613950 0.928451 1.574970 2.041030 1.644200 6.666590 0.712388 7.264680 6.581600 1.285640 6.016670 3.133450 6.276630 4.225250 6.713560 0.191333 7.635940 0.874931 6.843300 2.365420 7.092040 3.458360 7.729250 7.758090
0.650842 0.366872 0.589337 1.471680 0.624143 6.167840 1.654210 7.823690 1.598390 0.940911 1.546210 2.053430 1.639090 6.686130 0.697279 7.266580 6.590720 1.301810 6.050010 3.089860 6.278640 4.188770 6.710810 0.201856 7.636040 0.873854 6.899900 2.360710 7.118940 3.448760 7.715670 7.757460
0.635094 0.367898 0.571870 1.478350 0.641052 6.154820 1.630180 7.835490 1.576450 0.955068 1.521830 2.069790 1.635970 6.703830 0.682634 7.260780 6.601840 1.311760 6.083190 3.054270 6.277920 4.161000 6.704420 0.214728 7.629840 0.872073 6.963400 2.353240 7.139380 3.452340 7.705160 7.754780
0.618583 0.368303 0.554541 1.483810 0.667522 6.141720 1.612100 7.846430 1.555980 0.966353 1.501860 2.084010 1.640530 6.713870 0.670459 7.254600 6.597380 1.327820 6.122720 3.021910 6.270820 4.140090 6.691300 0.219662 7.618830 0.872938 7.030500 2.348220 7.157390 3.457170 7.689700 7.753300
0.603849 0.369405 0.534980 1.487820 0.691845 6.136400 1.600860 7.851810 1.538870 0.972529 1.482120 2.090080 1.648220 6.728640 0.663628 7.251600 6.585220 1.346920 6.164840 2.987370 6.263440 4.114170 6.674990 0.233765 7.600280 0.876695 7.094060 2.338070 7.176590 3.461230 7.676430 7.753710
0.588995 0.372580 0.516041 1.490500 0.708923 6.138720 1.590870 7.862770 1.522150 0.976004 1.461620 2.090230 1.654140 6.743400 0.656221 7.255620 6.574600 1.369890 6.203870 2.947120 6.261110 4.077730 6.662870 0.251547 7.586260 0.884248 7.152330 2.324430 7.197560 3.455870 7.662660 7.759570
0.575577 0.379097 0.501286 1.498450 0.716497 6.146250 1.579690 7.872340 1.506840 0.983797 1.445220 2.095120 1.653590 6.758050 0.648194 7.261860 6.569850 1.392060 6.238850 2.901040 6.264490 4.034840 6.651730 0.268754 7.574130 0.896225 7.206790 2.306310 7.217360 3.438830 7.650140 7.767190
0.564505 0.389241 0.488571 1.512410 0.715045 6.153410 1.568830 7.882990 1.494980 0.994159 1.435290 2.107430 1.648880 6.769520 0.638314 7.269960 6.564300 1.411280 6.271300 2.852140 6.270550 3.991040 6.641590 0.284776 7.565060 0.907946 7.259070 2.280620 7.234690 3.415820 7.639250 7.777470
0.555607 0.401302 0.477338 1.528640 0.709115 6.160850 1.559100 7.893620 1.484620 1.007000 1.427780 2.119080 1.640810 6.779200 0.629629 7.279000 6.556470 1.429990 6.303480 2.802540 6.276370 3.948160 6.633620 0.299831 7.556470 0.923017 7.308500 2.249310 7.250870 3.389240 7.630450 7.789430
0.546637 0.414021 0.465981 1.545020 0.701853 6.169270 1.550770 7.903860 1.475010 1.017510 1.420570 2.129510 1.632690 6.788800 0.621611 7.288920 6.547870 1.450690 6.334600 2.752430 6.282630 3.905150 6.627460 0.315889 7.547400 0.940711 7.355200 2.214810 7.266520 3.360680 7.623420 7.802950
0.537910 0.426954 0.455826 1.560920 0.694905 6.178590 1.542510 7.913680 1.465700 1.027900 1.413460 2.138880 1.625430 6.798190 0.613679 7.299380 6.539960 1.474010 6.364550 2.701290 6.289990 3.861280 6.621100 0.333820 7.538770 0.958437 7.399030 2.179590 7.281700 3.330160 7.615700 7.817140
0.528792 0.440051 0.449848 1.574030 0.687862 6.189050 1.533480 7.924430 1.456850 1.038750 1.406720 2.149610 1.617790 6.808630 0.604778 7.310700 6.534890 1.496380 6.394330 2.650670 6.298780 3.813360 6.613100 0.354391 7.531150 0.974080 7.437270 2.147880 7.297960 3.296030 7.606620 7.832180
0.519616 0.452999 0.453130 1.579970 0.678709 6.202790 1.522110 7.937990 1.449790 1.051490 1.400640 2.164440 1.607530 6.823010 0.592790 7.324930 6.535330 1.502920 6.422520 2.612220 6.310800 3.753610 6.602090 0.376606 7.527500 0.984652 7.462640 2.126410 7.320840 3.256830 7.594200 7.849350
0.514452 0.462993 0.459624 1.582480 0.664498 6.222760 1.509100 7.954690 1.450340 1.066420 1.396370 2.184450 1.591930 6.843660 0.576046 7.342440 6.539710 1.490540 6.442950 2.589290 6.328430 3.689470 6.589630 0.385070 7.530360 0.986355 7.470040 2.110850 7.357300 3.223650 7.579440 7.865110
0.514008 0.477218 0.461220 1.590500 0.639729 6.249560 1.500580 7.973590 1.456690 1.086460 1.390660 2.206290 1.569230 6.867870 0.559957 7.362330 6.536860 1.469270 6.466340 2.559720 6.358030 3.655650 6.579970 0.366636 7.527300 0.978135 7.473060 2.088160 7.393570 3.200550 7.572990 7.868270
0.513854 0.491859 0.460211 1.594150 0.602927 6.274130 1.503680 7.995090 1.458390 1.107250 1.379160 2.226950 1.550110 6.879370 0.567067 7.386000 6.522390 1.441420 6.481610 2.551370 6.403510 3.660050 6.576300 0.329486 7.519430 0.962638 7.469790 2.066030 7.414660 3.176700 7.577120 7.857740
0.518943 0.495237 0.446675 1.595430 0.566630 6.297560 1.526470 0.004519 1.455370 1.121590 1.358500 2.243320 1.553840 6.870720 0.589510 7.400330 6.508270 1.434330 6.464540 2.560040 6.454030 3.681670 6.578290 0.310002 7.509090 0.946505 7.444490 2.046020 7.438080 3.150750 7.587500 7.842200
0.529548 0.494276 0.419342 1.596060 0.554248 6.310300 1.551130 7.998640 1.442270 1.126190 1.322870 2.246050 1.571010 6.850910 0.615212 7.406450 6.488010 1.435650 6.443830 2.579490 6.504350 3.701520 6.585490 0.322968 7.510180 0.938467 7.410110 2.033390 7.454890 3.126550 7.597740 7.833310
0.525055 0.488782 0.398419 1.587420 0.578968 6.300850 1.566140 7.999690 1.424900 1.126200 1.272850 2.243400 1.582450 6.837310 0.631031 7.399110 6.451690 1.445290 6.442350 2.597410 6.552650 3.726290 6.595320 0.327768 7.503540 0.940935 7.389250 2.027970 7.473520 3.114130 7.612100 7.837680
0.516820 0.478521 0.386062 1.569410 0.630180 6.268700 1.546110 0.004810 1.418200 1.131700 1.248650 2.258330 1.597600 6.856110 0.622686 7.382180 6.442180 1.448080 6.460280 2.621800 6.580130 3.744530 6.578650 0.310430 7.477050 0.939629 7.386700 2.028840 7.501400 3.120140 7.607510 7.837030
0.498934 0.471173 0.389299 1.570320 0.681010 6.249770 1.511230 0.010758 1.413090 1.138250 1.248580 2.263140 1.611510 6.894450 0.594450 7.361540 6.469260 1.444270 6.477970 2.628070 6.586620 3.747210 6.548120 0.302538 7.473670 0.927910 7.403880 2.035110 7.515490 3.131100 7.577110 7.824620
0.468971 0.460587 0.399747 1.561240 0.736096 6.245310 1.478240 0.024412 1.401760 1.126170 1.262760 2.256410 1.610800 6.927220 0.568642 7.354850 6.493150 1.452050 6.493000 2.609900 6.580660 3.739750 6.542800 0.325240 7.475260 0.929286 7.427450 2.039400 7.515490 3.136320 7.545400 7.812080
0.450644 0.449362 0.407375 1.549670 0.775641 6.238910 1.459280 0.019822 1.405910 1.112390 1.286700 2.228400 1.623010 6.948890 0.556928 7.343160 6.486970 1.487600 6.499030 2.600740 6.553960 3.710710 6.539980 0.362349 7.471860 0.944698 7.449310 2.046420 7.507730 3.140330 7.525880 7.816770
0.461344 0.449707 0.414949 1.550610 0.784063 6.226690 1.463280 0.001359 1.425420 1.096100 1.314400 2.201900 1.651300 6.918580 0.558621 7.326920 6.478750 1.499770 6.492380 2.611020 6.507350 3.706510 6.515980 0.386464 7.465260 0.958422 7.443350 2.060490 7.495600 3.162880 7.528180 7.842780
0.481690 0.456356 0.418163 1.563410 0.764695 6.217560 1.484900 7.966510 1.417970 1.075340 1.334230 2.200620 1.650500 6.877850 0.573215 7.334560 6.484800 1.493180 6.477420 2.618940 6.479630 3.743280 6.520410 0.371418 7.474990 0.962055 7.442110 2.074190 7.457230 3.189410 7.538270 7.855560
0.487730 0.452111 0.420079 1.574190 0.714608 6.219750 1.506580 7.965540 1.411660 1.073450 1.343730 2.191730 1.625020 6.857400 0.579276 7.334330 6.503260 1.490660 6.459750 2.629600 6.462230 3.762560 6.564790 0.355256 7.493780 0.966788 7.440680 2.088020 7.420020 3.198800 7.567030 7.840030
